image: /home/arianna/catkin_ws/src/map.pgm
resolution: 0.050000
origin: [-4.275880, -11.092062, 0.000000]
negate: 0
occupied_thresh: 0.65
free_thresh: 0.196

