image: map.png
resolution: 0.050000
origin: [-4.299452, -11.090076, 0.000000]
negate: 0
occupied_thresh: 0.65
free_thresh: 0.196

